4294967278,149
4294967278,148
4294967278,141
4294967279,323
4294967278,17
4294967278,9
271,12
271,0
271,11
271,10
271,9
4294967279,147
271,8
271,7
4294967278,145
4294967278,142
4294967279,142
4294967279,389
287,9
287,0
4294967279,328
4294967279,327
287,8
287,7
4294967279,194
4294967278,285
4294967279,268
4294967279,263
4294967279,262
287,6
287,5
287,4
287,3
287,2
287,1
4294967279,245
4294967278,243
4294967278,231
4294967279,243
4294967278,241
4294967278,228
4294967294,1354
4294967294,908
4294967294,389
4294967278,220
4294967279,422
284,5
284,4
284,3
284,2
284,1
4294967278,339
4294967278,203
4294967279,421
4294967278,560
4294967279,420
282,5
282,4
282,3
282,2
282,1
4294967278,185
4294967278,555
4294967278,179
280,5
280,4
280,3
280,2
280,1
4294967278,315
4294967279,181
4294967278,15
4294967279,17
4294967279,15
4294967279,11
4294967279,377
4294967279,419
4294967278,311
278,6
278,5
278,4
278,3
278,2
278,1
4294967294,925
4294967279,418
275,6
275,5
275,4
275,3
275,2
275,1
4294967278,336
4294967278,25
4294967279,137
4294967279,136
4294967278,135
4294967279,135
4294967278,271
4294967279,14
4294967279,287
272,4
272,3
272,2
272,1
4294967294,494
4294967279,417
4294967278,257
4294967278,549
4294967279,332
271,6
4294967278,527
271,5
271,4
271,3
271,2
271,1
4294967278,547
4294967278,247
4294967279,416
4294967278,364
4294967278,248
4294967279,248
4294967278,246
4294967279,347
4294967279,237
268,4
268,3
268,2
268,1
4294967294,415
4294967294,469
4294967294,189
267,6
4294967278,225
267,5
267,4
267,3
267,2
267,1
4294967278,562
4294967279,213
266,5
266,4
266,3
266,2
266,1
4294967294,493
4294967279,209
4294967278,333
4294967279,204
4294967278,202
265,4
265,3
265,2
265,1
4294967294,170
4294967294,438
263,6
4294967278,184
4294967279,183
4294967279,185
263,5
263,4
4294967279,184
263,3
263,2
263,1
4294967279,176
261,4
261,3
261,2
261,1
4294967294,430
4294967294,387
260,4
260,3
260,2
260,1
4294967278,363
4294967279,392
4294967278,362
4294967278,334
4294967278,299
4294967278,308
4294967278,361
4294967278,360
4294967278,359
4294967294,108
4294967294,119
4294967278,358
4294967279,390
4294967278,331
244,6
244,0
244,5
4294967278,357
250,8
250,0
250,7
4294967279,295
243,19
243,0
243,18
243,17
4294967279,372
243,16
243,15
4294967279,225
259,12
259,0
259,11
4294967278,545
4294967278,227
4294967279,385
4294967278,558
4294967278,356
243,14
243,13
243,12
259,10
4294967279,375
4294967278,569
4294967279,374
4294967278,325
4294967279,391
243,11
243,10
243,9
243,8
243,7
4294967278,564
259,9
4294967278,208
259,8
259,7
4294967279,179
4294967279,175
4294967279,160
4294967279,155
4294967279,274
4294967279,273
4294967278,268
4294967278,264
4294967278,258
4294967279,258
4294967278,529
4294967278,528
4294967279,236
4294967278,229
4294967278,211
4294967278,206
4294967278,204
259,6
259,5
259,4
259,3
259,2
259,1
4294967279,342
4294967279,415
4294967294,492
4294967278,554
256,5
256,4
256,3
256,2
256,1
4294967279,414
254,5
254,4
254,3
254,2
254,1
4294967294,906
4294967294,182
252,5
252,4
252,3
252,2
252,1
250,6
250,5
250,4
250,3
250,2
250,1
4294967279,324
4294967279,413
247,6
247,5
247,4
247,2
247,1
4294967279,412
4294967294,491
4294967279,247
4294967278,245
4294967279,231
244,4
244,3
244,2
244,1
4294967278,518
4294967278,214
4294967278,213
4294967279,214
4294967278,212
4294967279,212
4294967278,210
4294967278,207
243,6
4294967278,209
243,5
243,4
243,2
243,1
4294967278,516
4294967279,319
4294967278,513
4294967294,954
4294967294,404
4294967294,175
4294967294,401
4294967294,459
240,4
240,3
240,2
240,1
4294967294,967
239,6
239,5
239,4
239,3
239,2
239,1
4294967294,490
238,5
238,4
238,3
238,2
238,1
237,4
237,3
237,2
237,1
4294967279,285
235,6
4294967294,1359
4294967294,920
4294967294,162
4294967279,151
4294967279,150
235,5
235,4
235,2
235,1
4294967279,145
4294967278,574
233,4
233,3
233,2
233,1
232,4
232,3
232,2
232,1
4294967294,414
4294967294,168
4294967294,916
4294967294,405
4294967294,417
4294967294,180
4294967294,449
4294967279,411
4294967278,531
4294967279,410
4294967278,355
4294967279,303
4294967279,291
4294967279,409
4294967278,530
4294967294,89
4294967279,302
4294967279,283
4294967278,566
4294967279,334
4294967278,284
4294967278,573
4294967278,283
4294967278,12
4294967278,4
4294967279,138
4294967279,26
4294967279,278
231,9
231,0
231,8
231,7
4294967279,141
4294967278,134
4294967279,133
4294967278,133
4294967278,288
4294967279,275
4294967278,270
4294967279,270
4294967278,266
4294967279,269
4294967279,264
4294967279,331
4294967278,525
4294967278,253
4294967279,370
4294967278,328
4294967278,238
4294967279,238
4294967278,237
4294967278,354
4294967278,215
231,6
231,5
231,4
231,3
231,2
231,1
4294967279,320
4294967279,368
4294967294,392
4294967279,191
228,5
228,4
228,3
228,2
228,1
4294967279,357
4294967278,314
4294967279,313
226,5
226,4
226,3
226,2
226,1
224,5
224,4
224,3
224,2
224,1
222,6
222,5
222,4
222,3
222,2
222,1
4294967294,421
4294967294,110
4294967294,391
4294967278,353
4294967294,120
4294967279,266
4294967278,263
4294967279,265
4294967278,277
4294967278,261
4294967279,259
219,6
219,5
219,4
4294967279,284
219,2
219,1
4294967279,281
4294967278,572
4294967279,386
4294967278,330
4294967279,333
4294967294,489
4294967278,548
4294967279,329
4294967278,526
4294967278,524
4294967279,255
4294967279,348
4294967278,254
216,4
216,3
216,2
216,1
4294967278,521
4294967279,408
215,6
215,5
215,4
215,2
215,1
4294967279,407
4294967278,219
4294967279,362
4294967279,321
212,4
212,3
212,2
212,1
4294967279,359
4294967294,388
4294967279,318
211,6
4294967294,190
4294967278,512
211,5
211,4
211,3
211,2
211,1
210,5
210,4
210,3
210,2
210,1
4294967279,406
209,4
209,3
209,2
209,1
4294967279,354
4294967278,552
207,6
4294967278,323
4294967279,288
4294967279,365
4294967278,163
4294967279,164
207,5
207,4
207,2
207,1
205,4
205,3
205,2
205,1
204,4
204,3
204,2
204,1
0,7
4294967294,470
4294967294,0
4294967294,5
4294967294,907
4294967294,29
4294967294,186
4294967294,911
4294967294,957
4294967294,184
4294967294,191
4294967294,464
4294967294,466
4294967294,468
4294967279,405
4294967294,441
4294967294,918
4294967294,919
4294967294,963
4294967279,404
4294967278,303
4294967279,403
4294967279,346
4294967279,0
4294967294,28
4294967278,274
4294967279,384
4294967294,114
4294967294,2
4294967294,426
4294967294,40
4294967294,38
4294967294,37
4294967294,36
4294967278,287
4294967294,107
